fit0 = 0.929779004808832
fit1 = 0.814676651615692
fit2 = 2.01422491974966
fit3 = 0.568581998213207
