a = 142.403540630783
lambda = 0.170624049509978
da = 5.04136007236871
dlambda = 0.0071566223420022
